# Glasser HCP-MMP1 FreeSurfer Color LUT
# Compatible with freeview -l and FreeSurferColorLUT format
# LH parcels: 1001-1180, RH parcels: 2001-2180
#
# ID  Name  R  G  B  A
1001   L_V1_ROI                                       63   5 255   0
1002   L_MST_ROI                                      54 103 129   0
1003   L_V6_ROI                                       62  78 178   0
1004   L_V2_ROI                                       23  50 233   0
1005   L_V3_ROI                                       15  40 226   0
1006   L_V4_ROI                                       14  28 214   0
1007   L_V8_ROI                                       26  47 201   0
1008   L_4_ROI                                        33 178  20   0
1009   L_3b_ROI                                       35 205  21   0
1010   L_FEF_ROI                                     134 143 137   0
1011   L_PEF_ROI                                     141 166 152   0
1012   L_55b_ROI                                      62  88  47   0
1013   L_V3A_ROI                                       7  57 246   0
1014   L_RSC_ROI                                     153  64 133   0
1015   L_POS2_ROI                                    186  86 188   0
1016   L_V7_ROI                                       18  70 195   0
1017   L_IPS1_ROI                                     57 114 160   0
1018   L_FFC_ROI                                      57  89 117   0
1019   L_V3B_ROI                                      25  47 206   0
1020   L_LO1_ROI                                       0  49 184   0
1021   L_LO2_ROI                                      18  33 181   0
1022   L_PIT_ROI                                      34  43 171   0
1023   L_MT_ROI                                       31  86 104   0
1024   L_A1_ROI                                      235  19  47   0
1025   L_PSL_ROI                                     122  79  56   0
1026   L_SFL_ROI                                      31  49  22   0
1027   L_PCV_ROI                                     138 128 153   0
1028   L_STV_ROI                                     142  87  76   0
1029   L_7Pm_ROI                                     149 181 188   0
1030   L_7m_ROI                                       42  31  44   0
1031   L_POS1_ROI                                     81  54  98   0
1032   L_23d_ROI                                     127  56  91   0
1033   L_v23ab_ROI                                    29   0  14   0
1034   L_d23ab_ROI                                    63  17  47   0
1035   L_31pv_ROI                                     54  11  42   0
1036   L_5m_ROI                                       48 163  48   0
1037   L_5mv_ROI                                     153 172 136   0
1038   L_23c_ROI                                     205 190 194   0
1039   L_5L_ROI                                       64 154  64   0
1040   L_24dd_ROI                                     69 161  44   0
1041   L_24dv_ROI                                    119 159  66   0
1042   L_7AL_ROI                                     115 194 134   0
1043   L_SCEF_ROI                                    110 146  86   0
1044   L_6ma_ROI                                     144 179 135   0
1045   L_7Am_ROI                                     184 243 224   0
1046   L_7PL_ROI                                     169 246 237   0
1047   L_7PC_ROI                                      68 177 108   0
1048   L_LIPv_ROI                                     63 113 158   0
1049   L_VIP_ROI                                      50 129 137   0
1050   L_MIP_ROI                                     136 206 204   0
1051   L_1_ROI                                        20 191  38   0
1052   L_2_ROI                                        48 176  62   0
1053   L_3a_ROI                                       47 216  22   0
1054   L_6d_ROI                                       26 158  32   0
1055   L_6mp_ROI                                      64 159  38   0
1056   L_6v_ROI                                       71 168  50   0
1057   L_p24pr_ROI                                   146 136 107   0
1058   L_33pr_ROI                                    129 106 103   0
1059   L_a24pr_ROI                                   176 133 130   0
1060   L_p32pr_ROI                                   163 142 121   0
1061   L_a24_ROI                                      67  12  25   0
1062   L_d32_ROI                                      90  41  50   0
1063   L_8BM_ROI                                     105  83  81   0
1064   L_p32_ROI                                      95  32  52   0
1065   L_10r_ROI                                      25  12   1   0
1066   L_47m_ROI                                      96  75  66   0
1067   L_8Av_ROI                                      53  54  43   0
1068   L_8Ad_ROI                                      63  67  48   0
1069   L_9m_ROI                                       43  35  18   0
1070   L_8BL_ROI                                      34  39  20   0
1071   L_9p_ROI                                       38  43  28   0
1072   L_10d_ROI                                      38  35  24   0
1073   L_8C_ROI                                      101  85  84   0
1074   L_44_ROI                                       88  88  62   0
1075   L_45_ROI                                       60  63  42   0
1076   L_47l_ROI                                      51  49  31   0
1077   L_a47r_ROI                                     77  76  66   0
1078   L_6r_ROI                                      178 214 151   0
1079   L_IFJa_ROI                                    126 119  95   0
1080   L_IFJp_ROI                                    137 160 132   0
1081   L_IFSp_ROI                                     97  98  87   0
1082   L_IFSa_ROI                                    188 201 178   0
1083   L_p9-46v_ROI                                  138 149 134   0
1084   L_46_ROI                                      207 217 200   0
1085   L_a9-46v_ROI                                  145 112 128   0
1086   L_9-46d_ROI                                   140 117 131   0
1087   L_9a_ROI                                       55  52  45   0
1088   L_10v_ROI                                      14  35  14   0
1089   L_a10p_ROI                                     98  75  89   0
1090   L_10pp_ROI                                     55  62  58   0
1091   L_11l_ROI                                     129 106 118   0
1092   L_13l_ROI                                      82  60  69   0
1093   L_OFC_ROI                                      40  35  31   0
1094   L_47s_ROI                                      66  35  33   0
1095   L_LIPd_ROI                                    155 180 202   0
1096   L_6a_ROI                                      121 192 136   0
1097   L_i6-8_ROI                                     90  98  83   0
1098   L_s6-8_ROI                                     88  92  73   0
1099   L_43_ROI                                      145 138  64   0
1100   L_OP4_ROI                                     114 157  49   0
1101   L_OP1_ROI                                      99 158  35   0
1102   L_OP2-3_ROI                                   145 127  52   0
1103   L_52_ROI                                      208  72  66   0
1104   L_RI_ROI                                      178  61  23   0
1105   L_PFcm_ROI                                    190 144  89   0
1106   L_PoI2_ROI                                    131 124  83   0
1107   L_TA2_ROI                                     130  42  27   0
1108   L_FOP4_ROI                                    182 148 129   0
1109   L_MI_ROI                                      157 116 106   0
1110   L_Pir_ROI                                      90  66  65   0
1111   L_AVI_ROI                                     141  72  83   0
1112   L_AAIC_ROI                                     85  35  44   0
1113   L_FOP1_ROI                                    160 153  88   0
1114   L_FOP3_ROI                                    175 137  99   0
1115   L_FOP2_ROI                                     99 156  51   0
1116   L_PFt_ROI                                     129 222 134   0
1117   L_AIP_ROI                                     136 220 166   0
1118   L_EC_ROI                                       49  48  35   0
1119   L_PreS_ROI                                     86  57  83   0
1120   L_H_ROI                                        60  57  40   0
1121   L_ProS_ROI                                     87  59 176   0
1122   L_PeEc_ROI                                     61  62  51   0
1123   L_STGa_ROI                                     58  42  26   0
1124   L_PBelt_ROI                                   195  30   5   0
1125   L_A5_ROI                                       99  39   6   0
1126   L_PHA1_ROI                                     69  50  75   0
1127   L_PHA3_ROI                                     96 102 113   0
1128   L_STSda_ROI                                    77  51  34   0
1129   L_STSdp_ROI                                    73  57  39   0
1130   L_STSvp_ROI                                    71  59  57   0
1131   L_TGd_ROI                                      35  34  23   0
1132   L_TE1a_ROI                                     11  14   0   0
1133   L_TE1p_ROI                                     96 102  94   0
1134   L_TE2a_ROI                                     67  64  58   0
1135   L_TF_ROI                                       64  72  56   0
1136   L_TE2p_ROI                                    105 128 117   0
1137   L_PHT_ROI                                     217 252 223   0
1138   L_PH_ROI                                       88 131 163   0
1139   L_TPOJ1_ROI                                   125  90  64   0
1140   L_TPOJ2_ROI                                   156 162 138   0
1141   L_TPOJ3_ROI                                   121 148 145   0
1142   L_DVT_ROI                                     120 112 190   0
1143   L_PGp_ROI                                     155 190 228   0
1144   L_IP2_ROI                                     176 166 174   0
1145   L_IP1_ROI                                     118 121 128   0
1146   L_IP0_ROI                                     112 160 207   0
1147   L_PFop_ROI                                    187 205 145   0
1148   L_PF_ROI                                      255 255 226   0
1149   L_PFm_ROI                                     133 105 114   0
1150   L_PGi_ROI                                      53  62  46   0
1151   L_PGs_ROI                                      62  67  57   0
1152   L_V6A_ROI                                      41  89 166   0
1153   L_VMV1_ROI                                     62  61 155   0
1154   L_VMV3_ROI                                     49  53 159   0
1155   L_PHA2_ROI                                     88  90  89   0
1156   L_V4t_ROI                                      14  79 128   0
1157   L_FST_ROI                                      92 157 153   0
1158   L_V3CD_ROI                                     15  46 182   0
1159   L_LO3_ROI                                      54  94 160   0
1160   L_VMV2_ROI                                     67  62 161   0
1161   L_31pd_ROI                                     56  22  45   0
1162   L_31a_ROI                                     143 105 133   0
1163   L_VVC_ROI                                      53  61 124   0
1164   L_25_ROI                                       36  24  14   0
1165   L_s32_ROI                                      46  35  21   0
1166   L_pOFC_ROI                                     76  48  53   0
1167   L_PoI1_ROI                                    164 104  97   0
1168   L_Ig_ROI                                      110 123  36   0
1169   L_FOP5_ROI                                    163 102 105   0
1170   L_p10p_ROI                                     89  64  76   0
1171   L_p47r_ROI                                    126 123 112   0
1172   L_TGv_ROI                                      46  51  42   0
1173   L_MBelt_ROI                                   187  30  24   0
1174   L_LBelt_ROI                                   233  18  27   0
1175   L_A4_ROI                                      152  39   4   0
1176   L_STSva_ROI                                    40  33  22   0
1177   L_TE1m_ROI                                     59  45  43   0
1178   L_PI_ROI                                      122  50  50   0
1179   L_a32pr_ROI                                   130  63  87   0
1180   L_p24_ROI                                     123  35  74   0
2001   R_V1_ROI                                       62   0 255   0
2002   R_MST_ROI                                      50 112 128   0
2003   R_V6_ROI                                       67  90 180   0
2004   R_V2_ROI                                       27  56 234   0
2005   R_V3_ROI                                       19  44 232   0
2006   R_V4_ROI                                       17  47 220   0
2007   R_V8_ROI                                       23  68 210   0
2008   R_4_ROI                                        31 186  26   0
2009   R_3b_ROI                                       40 197  24   0
2010   R_FEF_ROI                                     137 155 150   0
2011   R_PEF_ROI                                     157 182 167   0
2012   R_55b_ROI                                     105 107  74   0
2013   R_V3A_ROI                                      19  72 247   0
2014   R_RSC_ROI                                     149  69 136   0
2015   R_POS2_ROI                                    205 111 205   0
2016   R_V7_ROI                                       28  96 192   0
2017   R_IPS1_ROI                                     63 141 175   0
2018   R_FFC_ROI                                      52 108 122   0
2019   R_V3B_ROI                                      40  80 222   0
2020   R_LO1_ROI                                      13  67 200   0
2021   R_LO2_ROI                                      19  66 182   0
2022   R_PIT_ROI                                      37  74 184   0
2023   R_MT_ROI                                       31  99 108   0
2024   R_A1_ROI                                      232  10  46   0
2025   R_PSL_ROI                                     189 148 136   0
2026   R_SFL_ROI                                      66  60  47   0
2027   R_PCV_ROI                                     130 146 157   0
2028   R_STV_ROI                                     139 115 106   0
2029   R_7Pm_ROI                                     153 213 197   0
2030   R_7m_ROI                                       47  48  53   0
2031   R_POS1_ROI                                     83  83 118   0
2032   R_23d_ROI                                     135  56  98   0
2033   R_v23ab_ROI                                    26  11  25   0
2034   R_d23ab_ROI                                    60  16  44   0
2035   R_31pv_ROI                                     68  17  50   0
2036   R_5m_ROI                                       43 177  49   0
2037   R_5mv_ROI                                     139 165 129   0
2038   R_23c_ROI                                     205 197 195   0
2039   R_5L_ROI                                       64 163  67   0
2040   R_24dd_ROI                                     69 167  48   0
2041   R_24dv_ROI                                    112 161  66   0
2042   R_7AL_ROI                                     113 187 122   0
2043   R_SCEF_ROI                                    141 153 111   0
2044   R_6ma_ROI                                     150 176 139   0
2045   R_7Am_ROI                                     169 249 216   0
2046   R_7PL_ROI                                     154 253 227   0
2047   R_7PC_ROI                                      71 182 106   0
2048   R_LIPv_ROI                                     61 129 171   0
2049   R_VIP_ROI                                      54 137 147   0
2050   R_MIP_ROI                                     126 210 197   0
2051   R_1_ROI                                        28 199  44   0
2052   R_2_ROI                                        51 185  69   0
2053   R_3a_ROI                                       44 225  29   0
2054   R_6d_ROI                                       31 165  41   0
2055   R_6mp_ROI                                      67 163  47   0
2056   R_6v_ROI                                       89 185  66   0
2057   R_p24pr_ROI                                   152 148 120   0
2058   R_33pr_ROI                                    117  96  97   0
2059   R_a24pr_ROI                                   176 134 132   0
2060   R_p32pr_ROI                                   176 149 134   0
2061   R_a24_ROI                                      73  18  38   0
2062   R_d32_ROI                                     109  46  65   0
2063   R_8BM_ROI                                     130  82  92   0
2064   R_p32_ROI                                     112  55  80   0
2065   R_10r_ROI                                      26   4   8   0
2066   R_47m_ROI                                      79  52  50   0
2067   R_8Av_ROI                                      79  68  65   0
2068   R_8Ad_ROI                                      55  62  44   0
2069   R_9m_ROI                                       43  25  19   0
2070   R_8BL_ROI                                      35  36  22   0
2071   R_9p_ROI                                       62  53  49   0
2072   R_10d_ROI                                      28  23  18   0
2073   R_8C_ROI                                      119  89  94   0
2074   R_44_ROI                                      137 102  94   0
2075   R_45_ROI                                       91  66  57   0
2076   R_47l_ROI                                      51  26  27   0
2077   R_a47r_ROI                                     82  70  69   0
2078   R_6r_ROI                                      191 215 163   0
2079   R_IFJa_ROI                                    138 123 104   0
2080   R_IFJp_ROI                                    130 156 136   0
2081   R_IFSp_ROI                                    124 112 111   0
2082   R_IFSa_ROI                                    212 214 196   0
2083   R_p9-46v_ROI                                  149 143 137   0
2084   R_46_ROI                                      193 213 191   0
2085   R_a9-46v_ROI                                  177 134 155   0
2086   R_9-46d_ROI                                   160 135 151   0
2087   R_9a_ROI                                       64  55  55   0
2088   R_10v_ROI                                       0  18   4   0
2089   R_a10p_ROI                                    104  91 112   0
2090   R_10pp_ROI                                     42  49  51   0
2091   R_11l_ROI                                     106  98 108   0
2092   R_13l_ROI                                      95  85  88   0
2093   R_OFC_ROI                                      41  38  36   0
2094   R_47s_ROI                                      65  37  38   0
2095   R_LIPd_ROI                                    145 187 199   0
2096   R_6a_ROI                                      119 200 143   0
2097   R_i6-8_ROI                                    107 122 107   0
2098   R_s6-8_ROI                                     99  93  83   0
2099   R_43_ROI                                      160 141  69   0
2100   R_OP4_ROI                                     119 163  49   0
2101   R_OP1_ROI                                      94 154  36   0
2102   R_OP2-3_ROI                                   137 130  53   0
2103   R_52_ROI                                      198  69  61   0
2104   R_RI_ROI                                      167  86  44   0
2105   R_PFcm_ROI                                    181 153  90   0
2106   R_PoI2_ROI                                    126 126  86   0
2107   R_TA2_ROI                                     137  43  34   0
2108   R_FOP4_ROI                                    204 158 148   0
2109   R_MI_ROI                                      169 130 118   0
2110   R_Pir_ROI                                      52  65  75   0
2111   R_AVI_ROI                                     155  81  96   0
2112   R_AAIC_ROI                                     78  42  53   0
2113   R_FOP1_ROI                                    161 141  91   0
2114   R_FOP3_ROI                                    186 146 113   0
2115   R_FOP2_ROI                                     97 163  54   0
2116   R_PFt_ROI                                     104 209 117   0
2117   R_AIP_ROI                                     132 228 172   0
2118   R_EC_ROI                                       44  51  38   0
2119   R_PreS_ROI                                     83  62  90   0
2120   R_H_ROI                                        59  61  44   0
2121   R_ProS_ROI                                     85  73 178   0
2122   R_PeEc_ROI                                     52  63  51   0
2123   R_STGa_ROI                                     51  50  31   0
2124   R_PBelt_ROI                                   192  29  10   0
2125   R_A5_ROI                                      110  39   3   0
2126   R_PHA1_ROI                                     60  62  78   0
2127   R_PHA3_ROI                                     76 106 114   0
2128   R_STSda_ROI                                    70  56  40   0
2129   R_STSdp_ROI                                    93  58  48   0
2130   R_STSvp_ROI                                    89  49  61   0
2131   R_TGd_ROI                                      31  38  28   0
2132   R_TE1a_ROI                                      7  12   0   0
2133   R_TE1p_ROI                                    105 109 104   0
2134   R_TE2a_ROI                                     65  63  59   0
2135   R_TF_ROI                                       59  81  64   0
2136   R_TE2p_ROI                                     95 134 120   0
2137   R_PHT_ROI                                     194 250 212   0
2138   R_PH_ROI                                       70 144 166   0
2139   R_TPOJ1_ROI                                   126 100  82   0
2140   R_TPOJ2_ROI                                   138 176 143   0
2141   R_TPOJ3_ROI                                    97 155 140   0
2142   R_DVT_ROI                                     125 137 203   0
2143   R_PGp_ROI                                     144 214 221   0
2144   R_IP2_ROI                                     185 181 181   0
2145   R_IP1_ROI                                     124 123 129   0
2146   R_IP0_ROI                                     107 179 215   0
2147   R_PFop_ROI                                    170 201 136   0
2148   R_PF_ROI                                      255 255 221   0
2149   R_PFm_ROI                                     160 124 134   0
2150   R_PGi_ROI                                      54  62  49   0
2151   R_PGs_ROI                                      89  79  76   0
2152   R_V6A_ROI                                      50 100 170   0
2153   R_VMV1_ROI                                     51  76 166   0
2154   R_VMV3_ROI                                     42  69 171   0
2155   R_PHA2_ROI                                     74 102  97   0
2156   R_V4t_ROI                                      13 105 128   0
2157   R_FST_ROI                                      73 164 149   0
2158   R_V3CD_ROI                                     22  73 204   0
2159   R_LO3_ROI                                      56 109 170   0
2160   R_VMV2_ROI                                     59  76 173   0
2161   R_31pd_ROI                                     78  27  60   0
2162   R_31a_ROI                                     141 107 134   0
2163   R_VVC_ROI                                      53  80 135   0
2164   R_25_ROI                                       26  19  12   0
2165   R_s32_ROI                                      27  19   9   0
2166   R_pOFC_ROI                                     77  53  61   0
2167   R_PoI1_ROI                                    166 107 103   0
2168   R_Ig_ROI                                      108 130  41   0
2169   R_FOP5_ROI                                    184 106 119   0
2170   R_p10p_ROI                                     92  70  83   0
2171   R_p47r_ROI                                    149 122 122   0
2172   R_TGv_ROI                                      56  65  54   0
2173   R_MBelt_ROI                                   188  17  26   0
2174   R_LBelt_ROI                                   216  24  28   0
2175   R_A4_ROI                                      150  40   8   0
2176   R_STSva_ROI                                    49  40  35   0
2177   R_TE1m_ROI                                     82  54  59   0
2178   R_PI_ROI                                      129  59  62   0
2179   R_a32pr_ROI                                   152  81 109   0
2180   R_p24_ROI                                     122  44  81   0
